2013-11-7 16:4 STARTED.
Starting matlabpool using the 'local' profile ... connected to 8 labs.

n =

    64

Training AE 1/2

n =

    89

Training AE 1/2

n =

   124


n =

    15

Training AE 1/2
Training AE 1/2

n =

    90

Training AE 1/2

n =

    16

Training AE 2/2
Training AE 1/2

n =

   401

Training AE 1/2
Training AE 2/2
Training AE 2/2
Training AE 2/2
Training AE 2/2
Training AE 2/2
Training accuracy: 100.000%
Training recall: 100.000%
Training precision: 100.000%
Training f_measure: 100.000%
Testing accuracy: 100.000%
Testing recall: 100.000%
Testing precision: 100.000%
Testing f_measure: 100.000%



PF00032.9_int_PF02939.8, seqPair 1, auc = 1.000, sens = 1.000, spec = 1.000, blAUC = 0.000, blSens = 0.000, blSpec = 0.000.


Training AE 2/2
Training accuracy: 100.000%
Training recall: 100.000%
Training precision: 100.000%
Training f_measure: 100.000%
Testing accuracy: 91.667%
Testing recall: 83.333%
Testing precision: 100.000%
Testing f_measure: 90.909%



PF00033.11_int_PF02271.8, seqPair 1, auc = 1.000, sens = 0.833, spec = 1.000, blAUC = 0.000, blSens = 0.000, blSpec = 0.000.


Training accuracy: 93.750%
Training recall: 100.000%
Training precision: 88.889%
Training f_measure: 94.118%
Testing accuracy: 76.984%
Testing recall: 84.127%
Testing precision: 73.611%
Testing f_measure: 78.519%



PF00149.20_int_PF08321.4, seqPair 1, auc = 0.845, sens = 0.841, spec = 0.736, blAUC = 0.000, blSens = 0.000, blSpec = 0.000.



n =

    88

Training accuracy: 75.000%
Training recall: 58.333%
Training precision: 87.500%
Training f_measure: 70.000%
Testing accuracy: 82.051%
Testing recall: 66.667%
Testing precision: 96.296%
Testing f_measure: 78.788%



PF00104.22_int_PF08832.2, seqPair 1, auc = 0.945, sens = 0.667, spec = 0.963, blAUC = 0.000, blSens = 0.000, blSpec = 0.000.


Training AE 1/2

n =

    63

Training AE 1/2
Training accuracy: 93.750%
Training recall: 100.000%
Training precision: 88.889%
Training f_measure: 94.118%
Testing accuracy: 90.625%
Testing recall: 100.000%
Testing precision: 84.211%
Testing f_measure: 91.429%



PF00081.14_int_PF00081.14, seqPair 1, auc = 0.937, sens = 1.000, spec = 0.842, blAUC = 0.000, blSens = 0.000, blSpec = 0.000.


Training accuracy: 100.000%
Training recall: 100.000%
Training precision: 100.000%
Training f_measure: 100.000%
Testing accuracy: 100.000%
Testing recall: 100.000%
Testing precision: 100.000%
Testing f_measure: 100.000%



PF00034.13_int_PF02239.8, seqPair 1, auc = 1.000, sens = 1.000, spec = 1.000, blAUC = 0.000, blSens = 0.000, blSpec = 0.000.



n =

    14

Training AE 1/2

n =

   169

Training AE 1/2
Training AE 2/2

n =

   104

Training AE 2/2

n =

   146

Training AE 1/2
Training AE 1/2
Training AE 2/2

n =

     9

Training AE 1/2
Training AE 2/2
Training AE 2/2
Training accuracy: 87.255%
Training recall: 84.314%
Training precision: 89.583%
Training f_measure: 86.869%
Testing accuracy: 78.261%
Testing recall: 81.159%
Testing precision: 76.712%
Testing f_measure: 78.873%



PF00243.10_int_PF00243.10, seqPair 1, auc = 0.836, sens = 0.812, spec = 0.767, blAUC = 0.000, blSens = 0.000, blSpec = 0.000.


Training AE 2/2
Training AE 2/2
Training accuracy: 100.000%
Training recall: 100.000%
Training precision: 100.000%
Training f_measure: 100.000%
Testing accuracy: 76.562%
Testing recall: 68.750%
Testing precision: 81.481%
Testing f_measure: 74.576%



PF00149.20_int_PF08321.4, seqPair 3, auc = 0.882, sens = 0.688, spec = 0.815, blAUC = 0.000, blSens = 0.000, blSpec = 0.000.





2013-11-7 16:11 SUCCESS: PF00149.20_int_PF08321.4.


Training accuracy: 100.000%
Training recall: 100.000%
Training precision: 100.000%
Training f_measure: 100.000%
Testing accuracy: 85.714%
Testing recall: 71.429%
Testing precision: 100.000%
Testing f_measure: 83.333%



PF00033.11_int_PF02271.8, seqPair 2, auc = 1.000, sens = 0.714, spec = 1.000, blAUC = 0.000, blSens = 0.000, blSpec = 0.000.


Training accuracy: 100.000%
Training recall: 100.000%
Training precision: 100.000%
Training f_measure: 100.000%
Testing accuracy: 90.385%
Testing recall: 80.769%
Testing precision: 100.000%
Testing f_measure: 89.362%



PF00032.9_int_PF02939.8, seqPair 2, auc = 0.993, sens = 0.808, spec = 1.000, blAUC = 0.000, blSens = 0.000, blSpec = 0.000.



n =

   393


n =

    13

Training AE 1/2
Training AE 1/2

n =

    79

Training accuracy: 84.615%
Training recall: 76.923%
Training precision: 90.909%
Training f_measure: 83.333%
Testing accuracy: 80.000%
Testing recall: 72.000%
Testing precision: 85.714%
Testing f_measure: 78.261%



PF00104.22_int_PF08832.2, seqPair 4, auc = 0.917, sens = 0.720, spec = 0.857, blAUC = 0.000, blSens = 0.000, blSpec = 0.000.


Training AE 1/2
Training accuracy: 79.545%
Training recall: 63.636%
Training precision: 93.333%
Training f_measure: 75.676%
Testing accuracy: 88.462%
Testing recall: 89.744%
Testing precision: 87.500%
Testing f_measure: 88.608%



PF00025.13_int_PF00025.13, seqPair 1, auc = 0.951, sens = 0.897, spec = 0.875, blAUC = 0.000, blSens = 0.000, blSpec = 0.000.


Training accuracy: 100.000%
Training recall: 100.000%
Training precision: 100.000%
Training f_measure: 100.000%
Testing accuracy: 87.500%
Testing recall: 75.000%
Testing precision: 100.000%
Testing f_measure: 85.714%



PF00034.13_int_PF02239.8, seqPair 6, auc = 1.000, sens = 0.750, spec = 1.000, blAUC = 0.000, blSens = 0.000, blSpec = 0.000.





2013-11-7 16:13 SUCCESS: PF00034.13_int_PF02239.8.



n =

    19

Training AE 1/2
Training AE 2/2
Training accuracy: 97.368%
Training recall: 94.737%
Training precision: 100.000%
Training f_measure: 97.297%
Testing accuracy: 67.308%
Testing recall: 34.615%
Testing precision: 100.000%
Testing f_measure: 51.429%



PF00081.14_int_PF00081.14, seqPair 2, auc = 0.840, sens = 0.346, spec = 1.000, blAUC = 0.000, blSens = 0.000, blSpec = 0.000.


Training AE 2/2

n =

    97

Training AE 1/2

n =

    18

Training AE 1/2
Training AE 2/2

n =

   166

Training AE 1/2
Training AE 2/2
Training AE 2/2
Training AE 2/2
Training accuracy: 100.000%
Training recall: 100.000%
Training precision: 100.000%
Training f_measure: 100.000%
Testing accuracy: 100.000%
Testing recall: 100.000%
Testing precision: 100.000%
Testing f_measure: 100.000%



PF00033.11_int_PF02271.8, seqPair 5, auc = 1.000, sens = 1.000, spec = 1.000, blAUC = 0.000, blSens = 0.000, blSpec = 0.000.





2013-11-7 16:16 SUCCESS: PF00033.11_int_PF02271.8.


Training accuracy: 95.000%
Training recall: 100.000%
Training precision: 90.909%
Training f_measure: 95.238%
Testing accuracy: 82.857%
Testing recall: 65.714%
Testing precision: 100.000%
Testing f_measure: 79.310%



PF00032.9_int_PF02939.8, seqPair 5, auc = 0.999, sens = 0.657, spec = 1.000, blAUC = 0.000, blSens = 0.000, blSpec = 0.000.


Training AE 2/2
Training accuracy: 100.000%
Training recall: 100.000%
Training precision: 100.000%
Training f_measure: 100.000%
Testing accuracy: 92.857%
Testing recall: 85.714%
Testing precision: 100.000%
Testing f_measure: 92.308%



PF00127.12_int_PF06433.3, seqPair 1, auc = 1.000, sens = 0.857, spec = 1.000, blAUC = 0.000, blSens = 0.000, blSpec = 0.000.



n =

    86

Training AE 1/2
Training accuracy: 100.000%
Training recall: 100.000%
Training precision: 100.000%
Training f_measure: 100.000%
Testing accuracy: 56.250%
Testing recall: 12.500%
Testing precision: 100.000%
Testing f_measure: 22.222%



PF00034.13_int_PF00141.15, seqPair 1, auc = 1.000, sens = 0.125, spec = 1.000, blAUC = 0.000, blSens = 0.000, blSpec = 0.000.


Training accuracy: 84.615%
Training recall: 84.615%
Training precision: 84.615%
Training f_measure: 84.615%
Testing accuracy: 89.062%
Testing recall: 78.125%
Testing precision: 100.000%
Testing f_measure: 87.719%



PF00104.22_int_PF08832.2, seqPair 9, auc = 0.969, sens = 0.781, spec = 1.000, blAUC = 0.000, blSens = 0.000, blSpec = 0.000.



n =

   183

Training AE 1/2
Training AE 2/2

