2013-11-3 23:13 STARTED.
Starting matlabpool using the 'local' profile ... connected to 8 labs.

n =

    64

Training AE 1/2

n =

    89

Training AE 1/2

n =

   124

Training AE 1/2

n =

    15

Training AE 1/2

n =

    90

Training AE 1/2

n =

    16

Training AE 1/2

n =

   401

Training AE 1/2
Training AE 2/2
Training AE 2/2
Training AE 2/2
Training AE 2/2
Training accuracy: 93.333%
Training recall: 93.333%
Training precision: 93.333%
Training f_measure: 93.333%
Testing accuracy: 100.000%
Testing recall: 100.000%
Testing precision: 100.000%
Testing f_measure: 100.000%



PF00033.11_int_PF02271.8, seqPair 1, auc = 1.000, sens = 1.000, spec = 1.000, blAUC = 0.000, blSens = 0.000, blSpec = 0.000.


Training AE 2/2
Training AE 2/2
Training accuracy: 93.750%
Training recall: 87.500%
Training precision: 100.000%
Training f_measure: 93.333%
Testing accuracy: 100.000%
Testing recall: 100.000%
Testing precision: 100.000%
Testing f_measure: 100.000%



PF00034.13_int_PF02239.8, seqPair 1, auc = 1.000, sens = 1.000, spec = 1.000, blAUC = 0.000, blSens = 0.000, blSpec = 0.000.



n =

   169

Training AE 1/2

n =

    14

Training AE 1/2
Training accuracy: 80.469%
Training recall: 90.625%
Training precision: 75.325%
Training f_measure: 82.270%
Testing accuracy: 77.778%
Testing recall: 90.476%
Testing precision: 72.152%
Testing f_measure: 80.282%



PF00149.20_int_PF08321.4, seqPair 1, auc = 0.819, sens = 0.905, spec = 0.722, blAUC = 0.000, blSens = 0.000, blSpec = 0.000.



n =

     9

Training AE 1/2

n =

    63

Training AE 1/2
Training AE 2/2
Training accuracy: 96.067%
Training recall: 95.506%
Training precision: 96.591%
Training f_measure: 96.045%
Testing accuracy: 98.000%
Testing recall: 100.000%
Testing precision: 96.154%
Testing f_measure: 98.039%



PF00032.9_int_PF02939.8, seqPair 1, auc = 0.998, sens = 1.000, spec = 0.962, blAUC = 0.000, blSens = 0.000, blSpec = 0.000.



n =

    88

Training AE 1/2
Training AE 2/2
Training accuracy: 87.222%
Training recall: 78.889%
Training precision: 94.667%
Training f_measure: 86.061%
Testing accuracy: 83.333%
Testing recall: 69.231%
Testing precision: 96.429%
Testing f_measure: 80.597%



PF00104.22_int_PF08832.2, seqPair 1, auc = 0.943, sens = 0.692, spec = 0.964, blAUC = 0.000, blSens = 0.000, blSpec = 0.000.


Training accuracy: 96.429%
Training recall: 100.000%
Training precision: 93.333%
Training f_measure: 96.552%
Testing accuracy: 92.857%
Testing recall: 85.714%
Testing precision: 100.000%
Testing f_measure: 92.308%



PF00033.11_int_PF02271.8, seqPair 2, auc = 1.000, sens = 0.857, spec = 1.000, blAUC = 0.000, blSens = 0.000, blSpec = 0.000.


Training accuracy: 87.097%
Training recall: 92.742%
Training precision: 83.333%
Training f_measure: 87.786%
Testing accuracy: 84.375%
Testing recall: 100.000%
Testing precision: 76.190%
Testing f_measure: 86.486%



PF00081.14_int_PF00081.14, seqPair 1, auc = 0.942, sens = 1.000, spec = 0.762, blAUC = 0.000, blSens = 0.000, blSpec = 0.000.


Training AE 2/2

n =

   104

Training AE 1/2
Training accuracy: 100.000%
Training recall: 100.000%
Training precision: 100.000%
Training f_measure: 100.000%
Testing accuracy: 75.000%
Testing recall: 50.000%
Testing precision: 100.000%
Testing f_measure: 66.667%



PF00034.13_int_PF02239.8, seqPair 6, auc = 1.000, sens = 0.500, spec = 1.000, blAUC = 0.000, blSens = 0.000, blSpec = 0.000.





2013-11-3 23:23 SUCCESS: PF00034.13_int_PF02239.8.



n =

    13

Training AE 1/2
Training AE 2/2

n =

   146

Training AE 1/2

n =

    18

Training AE 1/2
Training AE 2/2
Training AE 2/2
Training AE 2/2
Training AE 2/2
Training accuracy: 81.746%
Training recall: 90.476%
Training precision: 77.027%
Training f_measure: 83.212%
Testing accuracy: 76.562%
Testing recall: 92.188%
Testing precision: 70.238%
Testing f_measure: 79.730%



PF00149.20_int_PF08321.4, seqPair 3, auc = 0.850, sens = 0.922, spec = 0.702, blAUC = 0.000, blSens = 0.000, blSpec = 0.000.





2013-11-3 23:26 SUCCESS: PF00149.20_int_PF08321.4.


Training AE 2/2
Training accuracy: 96.154%
Training recall: 100.000%
Training precision: 92.857%
Training f_measure: 96.296%
Testing accuracy: 100.000%
Testing recall: 100.000%
Testing precision: 100.000%
Testing f_measure: 100.000%



PF00033.11_int_PF02271.8, seqPair 5, auc = 1.000, sens = 1.000, spec = 1.000, blAUC = 0.000, blSens = 0.000, blSpec = 0.000.





2013-11-3 23:26 SUCCESS: PF00033.11_int_PF02271.8.


Training accuracy: 92.045%
Training recall: 98.864%
Training precision: 87.000%
Training f_measure: 92.553%
Testing accuracy: 90.385%
Testing recall: 100.000%
Testing precision: 83.871%
Testing f_measure: 91.228%



PF00032.9_int_PF02939.8, seqPair 2, auc = 0.964, sens = 1.000, spec = 0.839, blAUC = 0.000, blSens = 0.000, blSpec = 0.000.



n =

    19

Training AE 1/2
Training accuracy: 97.222%
Training recall: 100.000%
Training precision: 94.737%
Training f_measure: 97.297%
Testing accuracy: 75.000%
Testing recall: 50.000%
Testing precision: 100.000%
Testing f_measure: 66.667%



PF00034.13_int_PF00141.15, seqPair 1, auc = 0.969, sens = 0.500, spec = 1.000, blAUC = 0.000, blSens = 0.000, blSpec = 0.000.


Training AE 2/2
Training accuracy: 68.639%
Training recall: 39.645%
Training precision: 94.366%
Training f_measure: 55.833%
Testing accuracy: 79.487%
Testing recall: 71.795%
Testing precision: 84.848%
Testing f_measure: 77.778%



PF00025.13_int_PF00025.13, seqPair 1, auc = 0.899, sens = 0.718, spec = 0.848, blAUC = 0.000, blSens = 0.000, blSpec = 0.000.



n =

    79

Training AE 1/2

n =

    56

Training AE 1/2
Training AE 2/2

n =

     8

Training AE 1/2
Training accuracy: 87.019%
Training recall: 79.808%
Training precision: 93.258%
Training f_measure: 86.010%
Testing accuracy: 84.000%
Testing recall: 80.000%
Testing precision: 86.957%
Testing f_measure: 83.333%



PF00104.22_int_PF08832.2, seqPair 4, auc = 0.938, sens = 0.800, spec = 0.870, blAUC = 0.000, blSens = 0.000, blSpec = 0.000.


Training AE 2/2

n =

    97

Training AE 1/2
Training AE 2/2
Training accuracy: 89.474%
Training recall: 84.211%
Training precision: 94.118%
Training f_measure: 88.889%
Testing accuracy: 78.571%
Testing recall: 57.143%
Testing precision: 100.000%
Testing f_measure: 72.727%



PF00127.12_int_PF06433.3, seqPair 1, auc = 1.000, sens = 0.571, spec = 1.000, blAUC = 0.000, blSens = 0.000, blSpec = 0.000.


Training AE 2/2
Training accuracy: 91.438%
Training recall: 89.726%
Training precision: 92.908%
Training f_measure: 91.289%
Testing accuracy: 63.462%
Testing recall: 26.923%
Testing precision: 100.000%
Testing f_measure: 42.424%



PF00081.14_int_PF00081.14, seqPair 2, auc = 0.852, sens = 0.269, spec = 1.000, blAUC = 0.000, blSens = 0.000, blSpec = 0.000.


Training accuracy: 93.750%
Training recall: 87.500%
Training precision: 100.000%
Training f_measure: 93.333%
Testing accuracy: 88.889%
Testing recall: 83.333%
Testing precision: 93.750%
Testing f_measure: 88.235%



PF00034.13_int_PF00141.15, seqPair 7, auc = 0.991, sens = 0.833, spec = 0.938, blAUC = 0.000, blSens = 0.000, blSpec = 0.000.





2013-11-3 23:33 SUCCESS: PF00034.13_int_PF00141.15.


Training accuracy: 79.676%
Training recall: 78.055%
Training precision: 80.670%
Training f_measure: 79.341%
Testing accuracy: 76.812%
Testing recall: 72.464%
Testing precision: 79.365%
Testing f_measure: 75.758%



PF00243.10_int_PF00243.10, seqPair 1, auc = 0.862, sens = 0.725, spec = 0.794, blAUC = 0.000, blSens = 0.000, blSpec = 0.000.



n =

   183

Training AE 1/2

n =

    14

Training AE 1/2

n =

   166

Training AE 1/2
Training accuracy: 96.429%
Training recall: 96.429%
Training precision: 96.429%
Training f_measure: 96.429%
Testing accuracy: 100.000%
Testing recall: 100.000%
Testing precision: 100.000%
Testing f_measure: 100.000%



PF00033.11_int_PF00355.18, seqPair 1, auc = 1.000, sens = 1.000, spec = 1.000, blAUC = 0.000, blSens = 0.000, blSpec = 0.000.



n =

    14

Training AE 1/2
Training AE 2/2
Training AE 2/2

